100 31.170000
200 31.420000
300 31.100000
400 31.490000
500 30.970000
600 31.130000
700 31.420000
800 31.390000
900 31.910000
1000 31.700000
1100 32.120000
1200 31.630000
1300 31.820000
1400 31.880000
1500 31.500000
1600 31.720000
1700 32.200000
1800 31.990000
1900 32.440000
2000 31.910000
2100 32.880000
2200 32.370000
2300 32.370000
2400 32.520000
2500 32.140000
2600 32.430000
2700 32.850000
2800 32.660000
2900 32.490000
3000 32.610000
3100 32.760000
3200 33.420000
3300 31.790000
3400 32.960000
3500 31.980000
3600 33.190000
3700 32.890000
3800 33.110000
3900 33.070000
4000 33.340000
4100 32.870000
4200 32.810000
4300 33.150000
4400 32.940000
4500 33.830000
4600 33.030000
4700 33.160000
4800 32.990000
4900 33.290000
5000 33.090000
5100 33.330000
5200 34.020000
5300 33.400000
5400 33.680000
5500 33.370000
5600 33.770000
5700 33.500000
5800 33.970000
5900 33.500000
6000 33.610000
6100 33.610000
6200 33.420000
6300 33.330000
6400 33.400000
6500 33.860000
6600 33.860000
6700 33.630000
6800 34.030000
6900 33.020000
7000 34.400000
7100 33.880000
7200 34.240000
7300 34.290000
7400 33.650000
7500 33.910000
7600 33.870000
7700 34.010000
7800 34.450000
7900 33.600000
8000 33.450000
8100 34.090000
8200 33.970000
8300 33.690000
8400 34.410000
8500 34.330000
8600 34.020000
8700 34.510000
8800 34.270000
8900 34.150000
9000 34.590000
9100 34.360000
9200 35.190000
9300 34.960000
9400 34.510000
9500 34.740000
9600 34.770000
9700 34.750000
9800 34.640000
9900 34.390000
10000 28.630000
