100 3345.700000
200 7482.000000
300 11908.200000
400 16534.600000
500 21251.800000
600 26149.300000
700 31159.300000
800 36154.000000
900 41299.100000
1000 46404.200000
1100 51543.900000
1200 56824.600000
1300 62086.500000
1400 67490.600000
1500 72933.900000
1600 78348.100000
1700 83879.700000
1800 89386.800000
1900 94978.100000
2000 100607.400000
2100 106122.800000
2200 111614.800000
2300 117271.100000
2400 122972.200000
2500 128674.300000
2600 134396.900000
2700 140042.900000
2800 145774.200000
2900 151575.100000
3000 157343.400000
3100 163291.400000
3200 169163.900000
3300 175046.800000
3400 180945.800000
3500 186965.800000
3600 192890.700000
3700 198877.500000
3800 204894.300000
3900 210921.500000
4000 217018.700000
4100 222998.900000
4200 229070.900000
4300 235066.300000
4400 241122.700000
4500 247184.800000
4600 253239.200000
4700 259340.900000
4800 265427.400000
4900 271472.500000
5000 277577.900000
5100 283718.300000
5200 289796.900000
5300 295931.800000
5400 302092.900000
5500 308320.800000
5600 314487.200000
5700 nan
5800 326814.800000
5900 333019.400000
6000 339176.100000
6100 345406.900000
6200 351683.300000
6300 357983.900000
6400 364291.200000
6500 nan
6600 376938.300000
6700 383261.000000
6800 389637.400000
6900 396029.100000
7000 402429.700000
7100 408895.200000
7200 415451.500000
7300 nan
7400 428769.300000
7500 435418.400000
7600 442033.900000
7700 448686.500000
7800 455363.400000
7900 462067.800000
8000 468773.100000
8100 nan
8200 482327.400000
8300 489201.800000
8400 495998.500000
8500 502982.700000
8600 509969.500000
8700 516999.900000
8800 524155.400000
8900 531362.500000
9000 538624.800000
9100 546001.000000
9200 553448.000000
9300 561068.300000
9400 569015.100000
9500 577236.000000
9600 585944.800000
9700 595240.600000
9800 605702.700000
9900 619922.900000
10000 677776.800000
