100 3016.000000
200 6604.700000
300 10491.600000
400 14547.300000
500 18630.900000
600 22847.000000
700 27087.500000
800 31402.500000
900 35842.800000
1000 40279.800000
1100 44715.600000
1200 49255.800000
1300 53797.200000
1400 58375.900000
1500 63016.200000
1600 67637.000000
1700 72308.900000
1800 76951.100000
1900 81671.500000
2000 86437.200000
2100 91179.800000
2200 95875.300000
2300 100667.600000
2400 105633.400000
2500 110438.500000
2600 115338.200000
2700 120204.200000
2800 125093.800000
2900 129958.400000
3000 134819.700000
3100 139792.000000
3200 144634.100000
3300 149621.300000
3400 154547.400000
3500 159526.300000
3600 164502.800000
3700 169607.000000
3800 174647.500000
3900 179727.300000
4000 184728.400000
4100 189750.500000
4200 194887.600000
4300 199870.400000
4400 204883.800000
4500 209998.700000
4600 215066.800000
4700 220131.500000
4800 225276.000000
4900 230451.500000
5000 235581.000000
5100 240678.500000
5200 245783.000000
5300 250968.900000
5400 256081.600000
5500 261174.100000
5600 266292.000000
5700 271474.700000
5800 276650.000000
5900 281948.300000
6000 287120.500000
6100 292337.500000
6200 297544.100000
6300 302801.200000
6400 308002.600000
6500 313235.000000
6600 318546.800000
6700 323851.800000
6800 329239.200000
6900 334473.500000
7000 339715.900000
7100 345014.300000
7200 350312.900000
7300 355602.600000
7400 360874.200000
7500 366168.400000
7600 371370.700000
7700 376686.700000
7800 382044.900000
7900 387449.300000
8000 392805.100000
8100 398164.200000
8200 403559.700000
8300 408872.900000
8400 414223.400000
8500 419653.700000
8600 425063.600000
8700 430379.600000
8800 435690.200000
8900 441049.200000
9000 446437.300000
9100 451784.800000
9200 457135.500000
9300 462580.500000
9400 468025.500000
9500 473455.700000
9600 478890.300000
9700 484272.500000
9800 489773.800000
9900 495259.600000
10000 500694.100000
