100 10394.800000
200 20714.000000
300 31082.700000
400 41478.600000
500 51838.900000
600 62219.100000
700 72649.200000
800 83060.900000
900 93424.400000
1000 103812.400000
1100 114220.200000
1200 124619.900000
1300 135028.800000
1400 145440.500000
1500 155840.800000
1600 166253.100000
1700 176690.500000
1800 187104.900000
1900 197500.900000
2000 207921.200000
2100 218276.600000
2200 228670.900000
2300 239072.900000
2400 249416.400000
2500 259818.200000
2600 270220.000000
2700 280596.700000
2800 290957.600000
2900 301321.800000
3000 311681.300000
3100 322060.500000
3200 332424.200000
3300 342794.200000
3400 353147.400000
3500 363470.200000
3600 373792.800000
3700 384140.500000
3800 394458.800000
3900 404768.800000
4000 415069.500000
4100 425322.500000
4200 435573.400000
4300 445819.100000
4400 456086.700000
4500 466315.000000
4600 476568.300000
4700 486768.200000
4800 496975.500000
4900 507219.200000
5000 517438.900000
5100 527640.500000
5200 537804.300000
5300 547977.900000
5400 558149.700000
5500 568310.600000
5600 578476.400000
5700 588586.200000
5800 598724.400000
5900 608847.300000
6000 618991.800000
6100 629098.500000
6200 639198.700000
6300 649246.600000
6400 659314.500000
6500 669367.000000
6600 679416.400000
6700 689436.400000
6800 699472.000000
6900 709447.900000
7000 719439.100000
7100 729381.900000
7200 739368.300000
7300 749303.300000
7400 759271.600000
7500 769205.700000
7600 779125.000000
7700 789032.100000
7800 798932.100000
7900 808816.300000
8000 818658.100000
8100 828514.500000
8200 838360.200000
8300 848193.800000
8400 858041.300000
8500 867833.400000
8600 877603.200000
8700 887370.900000
8800 897153.500000
8900 906904.900000
9000 916640.000000
9100 926328.400000
9200 936030.700000
9300 945717.000000
9400 955400.000000
9500 965032.400000
9600 974685.000000
9700 984284.200000
9800 993894.500000
9900 1003482.100000
10000 1013012.500000
