100 25.630000
200 27.400000
300 30.080000
400 28.580000
500 31.920000
600 31.340000
700 31.470000
800 28.940000
900 32.600000
1000 33.090000
1100 33.530000
1200 32.110000
1300 30.930000
1400 31.650000
1500 32.190000
1600 32.610000
1700 33.430000
1800 32.260000
1900 33.840000
2000 32.780000
2100 32.280000
2200 33.300000
2300 31.660000
2400 31.120000
2500 32.550000
2600 33.780000
2700 34.380000
2800 34.660000
2900 34.700000
3000 33.980000
3100 33.970000
3200 34.180000
3300 33.450000
3400 32.940000
3500 31.970000
3600 34.670000
3700 32.820000
3800 34.200000
3900 33.660000
4000 35.070000
4100 31.300000
4200 33.640000
4300 34.900000
4400 33.760000
4500 34.260000
4600 32.570000
4700 35.220000
4800 37.500000
4900 33.650000
5000 33.690000
5100 35.970000
5200 33.890000
5300 36.140000
5400 35.920000
5500 36.500000
5600 36.650000
5700 35.730000
5800 34.840000
5900 35.190000
6000 34.310000
6100 37.500000
6200 35.290000
6300 34.900000
6400 36.220000
6500 37.880000
6600 34.260000
6700 34.120000
6800 34.370000
6900 34.420000
7000 38.740000
7100 34.530000
7200 36.680000
7300 35.020000
7400 35.030000
7500 36.230000
7600 35.040000
7700 36.340000
7800 35.550000
7900 35.600000
8000 37.440000
8100 34.620000
8200 35.410000
8300 37.070000
8400 36.870000
8500 37.880000
8600 37.140000
8700 35.360000
8800 37.830000
8900 36.640000
9000 37.220000
9100 36.400000
9200 36.060000
9300 39.730000
9400 35.170000
9500 34.400000
9600 35.220000
9700 34.110000
9800 35.990000
9900 35.710000
10000 36.560000
