100 15680.800000
200 31366.700000
300 47054.800000
400 62792.100000
500 78490.600000
600 94226.900000
700 110018.200000
800 125814.700000
900 141556.300000
1000 157281.900000
1100 173049.200000
1200 188767.700000
1300 204476.200000
1400 220194.700000
1500 235911.300000
1600 251635.600000
1700 267302.200000
1800 283035.200000
1900 298745.600000
2000 314444.900000
2100 330059.900000
2200 345698.800000
2300 361298.500000
2400 376894.100000
2500 392514.800000
2600 408105.100000
2700 423752.800000
2800 439291.000000
2900 454838.200000
3000 470372.600000
3100 485925.800000
3200 501426.600000
3300 516913.200000
3400 532401.400000
3500 547867.300000
3600 563273.700000
3700 578668.500000
3800 594088.200000
3900 609431.200000
4000 624785.200000
4100 640088.600000
4200 655374.400000
4300 670583.300000
4400 685823.000000
4500 701003.800000
4600 716199.000000
4700 731350.800000
4800 746450.200000
4900 761575.100000
5000 776668.800000
5100 791736.700000
5200 806769.100000
5300 821763.000000
5400 836789.900000
5500 851736.200000
5600 866669.600000
5700 881508.400000
5800 896381.500000
5900 911236.200000
6000 926083.200000
6100 940883.000000
6200 955642.900000
6300 970344.700000
6400 985040.600000
6500 999727.700000
6600 1014389.900000
6700 1029013.000000
6800 1043611.800000
6900 1058133.000000
7000 1072625.400000
7100 1087070.300000
7200 1101554.400000
7300 1115934.400000
7400 1130360.900000
7500 1144727.600000
7600 1159042.000000
7700 1173312.000000
7800 1187522.100000
7900 1201716.800000
8000 1215859.300000
8100 1229969.500000
8200 1244054.100000
8300 1258110.200000
8400 1272145.500000
8500 1286100.600000
8600 1300001.700000
8700 1313886.600000
8800 1327738.600000
8900 1341547.300000
9000 1355294.000000
9100 1368964.800000
9200 1382635.700000
9300 1396253.800000
9400 1409830.000000
9500 1423317.900000
9600 1436791.900000
9700 1450185.500000
9800 1463536.200000
9900 1476816.800000
10000 1489985.300000
