100 2192.50 1229.70
200 7014.50 3768.40
300 14529.30 7551.00
400 24892.10 12598.50
500 38218.30 18974.50
600 54479.90 26615.10
700 73915.90 35564.70
800 96433.50 45802.40
900 122006.40 57322.90
1000 150752.70 70174.20
1100 182534.40 84251.20
1200 217726.40 99672.40
1300 256098.00 116306.80
1400 297709.30 134267.50
1500 342619.40 153542.00
1600 390735.10 174074.30
1700 442133.50 195996.80
1800 496954.20 219246.00
1900 555411.90 243785.50
2000 616825.90 269540.40
2100 681667.40 296687.70
2200 749983.90 324955.30
2300 821807.50 354410.80
2400 897077.90 385321.70
2500 975773.00 417591.30
2600 1058014.30 451053.70
2700 1143471.10 485889.90
2800 1232496.80 522014.80
2900 1325078.00 559492.60
3000 1420911.80 598312.80
3100 1520410.50 638214.10
3200 1623503.70 679485.90
3300 1730171.20 722117.10
3400 1840201.20 765933.80
3500 1953636.00 810882.10
3600 2070688.40 857300.90
3700 2191699.00 904964.30
3800 2315928.00 953875.10
3900 2443635.60 1004152.80
4000 2575009.20 1055655.50
4100 2710106.00 1108563.30
4200 2848366.00 1162814.10
4300 2990856.40 1218484.30
4400 3136574.40 1275300.50
4500 3285609.20 1333469.00
4600 3438900.40 1392879.40
4700 3595459.60 1453652.80
4800 3755664.80 1515527.20
4900 3919580.80 1578817.10
5000 4087081.20 1643405.90
5100 4257994.80 1709206.20
5200 4432716.80 1776356.80
5300 4611226.00 1844844.40
5400 4793210.40 1914588.80
5500 4978694.00 1985524.80
5600 5168156.40 2057742.80
5700 5361347.20 2131564.00
5800 5558396.80 2206485.20
5900 5758953.20 2282786.40
6000 5963328.00 2360101.60
6100 6171560.40 2438878.60
6200 6383310.00 2518856.80
6300 6598412.80 2600292.00
6400 6817685.60 2683033.20
6500 7040271.20 2766871.20
6600 7266962.40 2852102.80
6700 7496902.40 2938642.80
6800 7730946.40 3026426.20
6900 7968733.60 3115404.40
7000 8209857.60 3205600.00
7100 8455124.80 3297483.60
7200 8704438.40 3390372.00
7300 8957340.80 3484571.20
7400 9214035.20 3580170.40
7500 9474404.80 3677129.20
7600 9738337.60 3775120.00
7700 10006429.60 3874547.20
7800 10278110.40 3975384.40
7900 10553697.60 4077430.00
8000 10832295.20 4180746.40
8100 11115347.20 4285406.40
8200 11402090.40 4391331.20
8300 11692900.00 4498788.80
8400 11987214.40 4607222.80
8500 12285605.60 4716807.20
8600 12587936.00 4827733.20
8700 12893645.60 4940164.00
8800 13203133.60 5053886.80
8900 13516016.00 5168844.00
9000 13833104.00 5285220.00
9100 14154576.00 5402835.20
9200 14479075.20 5521357.60
9300 14807918.40 5641621.60
9400 15140444.80 5763163.20
9500 15476659.20 5885738.00
9600 15816910.40 6009926.80
9700 16160512.00 6135121.20
9800 16508417.60 6261904.00
9900 16859915.20 6389712.80
10000 17215550.40 6518878.40
