100 22.60
200 25.80
300 27.36
400 26.56
500 26.38
600 27.94
700 28.90
800 29.82
900 29.04
1000 30.98
1100 29.36
1200 30.02
1300 29.42
1400 31.38
1500 30.80
1600 30.64
1700 30.10
1800 31.16
1900 32.54
2000 31.14
2100 30.84
2200 33.72
2300 32.60
2400 32.24
2500 31.58
2600 33.68
2700 32.50
2800 34.38
2900 33.82
3000 32.76
3100 33.96
3200 32.44
3300 33.56
3400 32.12
3500 34.68
3600 34.04
3700 35.96
3800 34.12
3900 34.74
4000 33.00
4100 32.68
4200 33.48
4300 36.16
4400 35.20
4500 35.04
4600 33.60
4700 33.38
4800 34.44
4900 36.36
5000 35.62
5100 35.26
5200 34.04
5300 34.92
5400 34.60
5500 35.66
5600 34.02
5700 33.60
5800 34.82
5900 35.66
6000 35.64
6100 33.74
6200 36.36
6300 35.48
6400 35.16
6500 35.86
6600 35.48
6700 36.00
6800 33.84
6900 35.26
7000 36.72
7100 36.02
7200 36.28
7300 34.46
7400 36.66
7500 37.28
7600 35.04
7700 35.58
7800 36.32
7900 34.84
8000 34.10
8100 36.36
8200 34.42
8300 35.76
8400 36.76
8500 35.10
8600 35.68
8700 34.20
8800 36.90
8900 35.96
9000 35.80
9100 34.50
9200 36.38
9300 35.00
9400 36.06
9500 33.76
9600 37.82
9700 35.66
9800 36.02
9900 37.18
10000 36.80
