100 7.88
200 8.18
300 8.08
400 8.26
500 8.18
600 7.52
700 9.78
800 8.38
900 9.32
1000 8.42
1100 7.80
1200 8.30
1300 8.98
1400 8.02
1500 8.68
1600 8.94
1700 9.64
1800 8.66
1900 8.88
2000 8.74
2100 8.64
2200 8.80
2300 8.86
2400 8.48
2500 9.52
2600 8.98
2700 9.14
2800 8.66
2900 7.80
3000 9.60
3100 8.32
3200 7.56
3300 8.42
3400 9.42
3500 8.52
3600 8.84
3700 8.60
3800 8.72
3900 8.86
4000 9.54
4100 8.16
4200 8.34
4300 8.46
4400 8.96
4500 8.04
4600 8.96
4700 8.38
4800 7.98
4900 8.84
5000 8.98
5100 9.12
5200 8.54
5300 8.16
5400 7.46
5500 9.74
5600 8.38
5700 8.96
5800 9.56
5900 8.40
6000 8.44
6100 8.48
6200 8.64
6300 9.08
6400 8.82
6500 7.92
6600 8.52
6700 9.42
6800 8.70
6900 8.04
7000 8.80
7100 8.90
7200 8.22
7300 8.24
7400 8.66
7500 8.46
7600 9.48
7700 9.32
7800 9.14
7900 7.86
8000 8.10
8100 8.70
8200 8.26
8300 9.14
8400 9.32
8500 9.48
8600 8.74
8700 8.52
8800 8.94
8900 8.74
9000 9.28
9100 8.62
9200 7.74
9300 11.48
9400 9.58
9500 8.86
9600 7.72
9700 8.38
9800 8.42
9900 9.04
10000 8.42
