100 2043.30
200 4582.40
300 7198.60
400 10020.70
500 12779.20
600 15774.20
700 18799.50
800 21626.20
900 24598.60
1000 27700.00
1100 30921.40
1200 33973.00
1300 37002.10
1400 40120.40
1500 43431.80
1600 46586.60
1700 49738.90
1800 52967.30
1900 56217.00
2000 59655.60
2100 62782.70
2200 66052.80
2300 69343.80
2400 72693.00
2500 75977.90
2600 79238.70
2700 82834.50
2800 86270.00
2900 89414.60
3000 92946.10
3100 96403.50
3200 99532.10
3300 102979.00
3400 106657.10
3500 109847.20
3600 113526.20
3700 116726.90
3800 120309.70
3900 123465.40
4000 127496.30
4100 131057.50
4200 134226.50
4300 137978.40
4400 141211.30
4500 144797.40
4600 148279.90
4700 151880.10
4800 155340.60
4900 158699.30
5000 162447.50
5100 165870.00
5200 169472.70
5300 173084.80
5400 176785.70
5500 180147.60
5600 183412.60
5700 187149.10
5800 191023.40
5900 194295.80
6000 197848.80
6100 201455.60
6200 205093.70
6300 208911.00
6400 212403.50
6500 216389.90
6600 219848.80
6700 223084.90
6800 227103.50
6900 230880.20
7000 234190.00
7100 238268.90
7200 241833.90
7300 245269.40
7400 248792.80
7500 252880.90
7600 256258.20
7700 260031.80
7800 263714.80
7900 267222.10
8000 270573.00
8100 274522.50
8200 278054.00
8300 281984.90
8400 285583.60
8500 289307.20
8600 293395.40
8700 296840.20
8800 300301.30
8900 303878.10
9000 307862.10
9100 311789.80
9200 315539.30
9300 319170.10
9400 322639.20
9500 326412.00
9600 330226.10
9700 333990.10
9800 337528.90
9900 341583.10
10000 345220.30
