100 1246.40
200 2541.60
300 3819.50
400 5093.20
500 6386.00
600 7644.50
700 9059.40
800 10252.10
900 11489.20
1000 12784.00
1100 14092.50
1200 15466.60
1300 16678.20
1400 17948.40
1500 19223.30
1600 20630.40
1700 21784.60
1800 23131.90
1900 24373.40
2000 25807.50
2100 27052.20
2200 28351.90
2300 29707.60
2400 30908.90
2500 32221.20
2600 33476.90
2700 34724.80
2800 36028.50
2900 37369.10
3000 38670.00
3100 39987.60
3200 41311.70
3300 42484.30
3400 43887.50
3500 45196.70
3600 46360.60
3700 47610.90
3800 48980.70
3900 50306.60
4000 51684.50
4100 52914.70
4200 54309.10
4300 55378.70
4400 56771.40
4500 58055.10
4600 59427.00
4700 60676.50
4800 61818.50
4900 63381.40
5000 64331.80
5100 65799.30
5200 67031.10
5300 68257.50
5400 69793.70
5500 70941.60
5600 72388.50
5700 73570.50
5800 74879.80
5900 76152.20
6000 77504.00
6100 78690.00
6200 80268.00
6300 81334.90
6400 82849.60
6500 83869.80
6600 85342.30
6700 86514.50
6800 87872.50
6900 89023.50
7000 90529.20
7100 91569.40
7200 92951.90
7300 94564.90
7400 95308.30
7500 96887.50
7600 98183.80
7700 99426.40
7800 100640.80
7900 102052.60
8000 103298.80
8100 104549.70
8200 105956.00
8300 107230.20
8400 108605.40
8500 109901.20
8600 111018.50
8700 112416.50
8800 113644.70
8900 115091.10
9000 116229.50
9100 117647.80
9200 118779.30
9300 119970.60
9400 121369.70
9500 122594.20
9600 123840.60
9700 125619.40
9800 126456.10
9900 128091.30
10000 129048.20
