100 1794.12
200 4488.92
300 8783.96
400 13020.70
500 16036.60
600 21604.92
700 25863.16
800 30762.92
900 36190.88
1000 40200.06
1100 44820.04
1200 53403.28
1300 60717.08
1400 61531.92
1500 74635.24
1600 77381.50
1700 84745.42
1800 86466.38
1900 91866.54
2000 103385.18
2100 105691.18
2200 116901.68
2300 116994.60
2400 135579.72
2500 135403.92
2600 146395.48
2700 146461.02
2800 164750.72
2900 157499.70
3000 170245.72
3100 175279.13
3200 183653.88
3300 184895.42
3400 198647.14
3500 196825.50
3600 212374.55
3700 208659.44
3800 233452.16
3900 237961.23
4000 252075.77
4100 247144.36
4200 256625.08
4300 267856.25
4400 264107.81
4500 276535.38
4600 289919.53
4700 292224.41
4800 298096.09
4900 318832.50
5000 311496.78
5100 321405.19
5200 345148.38
5300 337241.91
5400 338650.69
5500 339256.69
5600 388061.63
5700 388274.47
5800 381554.47
5900 399021.91
6000 406764.16
6100 421337.75
6200 426035.28
6300 439826.88
6400 421652.63
6500 441645.53
6600 432409.75
6700 483690.44
6800 456308.47
6900 489099.38
7000 519432.59
7100 491496.16
7200 515488.38
7300 524746.06
7400 534884.00
7500 536252.94
7600 555220.69
7700 546533.50
7800 562540.94
7900 559067.19
8000 577091.19
8100 584152.94
8200 608547.94
8300 612403.13
8400 632985.63
8500 620626.06
8600 654002.75
8700 672252.00
8800 690859.13
8900 722122.38
9000 729719.69
9100 729476.06
9200 706649.44
9300 743459.50
9400 739188.63
9500 737180.63
9600 752066.50
9700 777681.38
9800 778431.38
9900 768441.94
10000 789921.44
