100 8785.67
200 22665.20
300 38298.96
400 60099.37
500 80813.03
600 106750.23
700 127699.16
800 152927.41
900 180819.94
1000 185143.77
1100 222100.91
1200 268208.50
1300 287663.66
1400 301237.16
1500 343259.94
1600 376696.13
1700 390826.66
1800 426964.72
1900 503700.28
2000 490075.91
2100 508045.34
2200 549404.44
2300 588316.25
2400 641361.44
2500 641727.88
2600 717573.75
2700 706428.94
2800 748857.63
2900 830122.56
3000 818000.25
3100 870113.44
3200 889882.56
3300 901276.25
3400 1012080.25
3500 1007043.63
3600 1046496.56
3700 1092073.38
3800 1085666.75
3900 1195718.38
4000 1143870.75
4100 1210855.75
4200 1276949.75
4300 1334868.38
4400 1330790.13
4500 1318383.63
4600 1392113.63
4700 1394488.88
4800 1435492.25
4900 1530458.38
5000 1509349.88
5100 1652040.75
5200 1647451.25
5300 1630048.88
5400 1687708.38
5500 1760974.63
5600 1823290.13
5700 1848958.38
5800 1882360.13
5900 1927637.88
6000 1979115.50
6100 1997152.50
6200 2092797.88
6300 2069123.88
6400 2125913.75
6500 2174681.00
6600 2235765.00
6700 2295460.25
6800 2345383.75
6900 2375359.00
7000 2482969.50
7100 2469409.75
7200 2582864.25
7300 2737816.25
7400 2552400.25
7500 2614154.50
7600 2717572.25
7700 2669481.25
7800 2786884.50
7900 2639804.75
8000 2826081.00
8100 2986542.75
8200 2786579.00
8300 3096619.75
8400 2976720.00
8500 3128381.00
8600 3248537.50
8700 3318677.75
8800 3323956.75
8900 3398065.00
9000 3684849.50
9100 3404379.00
9200 3555445.25
9300 3588653.00
9400 3512308.25
9500 3593489.50
9600 3624599.25
9700 3786727.00
9800 3766061.50
9900 3765565.25
10000 3896452.75
