100 777.30
200 1895.70
300 3002.20
400 4222.07
500 5441.40
600 6692.97
700 8052.07
800 9423.13
900 10853.70
1000 12251.53
1100 13608.27
1200 14883.93
1300 16344.00
1400 17647.80
1500 19353.80
1600 20895.07
1700 22264.50
1800 23871.90
1900 25377.13
2000 26976.10
2100 28579.33
2200 30143.47
2300 31329.00
2400 32878.40
2500 34708.60
2600 36195.96
2700 37715.07
2800 39518.80
2900 40845.67
3000 42676.80
3100 44105.80
3200 45938.46
3300 47243.93
3400 48831.80
3500 50340.07
3600 51941.70
3700 53894.46
3800 55449.73
3900 57229.00
4000 58959.87
4100 60214.10
4200 62065.07
4300 63686.07
4400 65491.13
4500 67020.66
4600 68236.84
4700 70486.43
4800 72601.57
4900 73730.84
5000 75507.53
5100 77305.66
5200 78603.87
5300 80767.47
5400 82356.80
5500 83843.27
5600 85683.40
5700 87165.73
5800 89615.60
5900 91083.93
6000 92672.23
6100 94516.43
6200 96157.70
6300 97617.16
6400 99627.93
6500 101312.40
6600 102909.37
6700 104593.50
6800 106712.43
6900 108175.90
7000 110140.47
7100 112159.50
7200 114001.10
7300 115634.13
7400 117492.20
7500 118929.97
7600 121245.73
7700 122528.47
7800 124407.53
7900 125743.23
8000 127887.00
8100 129217.93
8200 131122.94
8300 132574.03
8400 134722.80
8500 136985.77
8600 139307.30
8700 140482.97
8800 143419.14
8900 144824.36
9000 137643.53
9100 140220.36
9200 142231.03
9300 145683.47
9400 147874.36
9500 150229.30
9600 153114.77
9700 155666.56
9800 159087.03
9900 161933.09
10000 164796.41
